-0.001014398;-0.2922508;-0.2286633;3.654783;15.97858;-39.95398
-0.08372659;-0.1722157;-0.04394642;2.52202;16.26157;-40.24646
0.06028065;-0.587292;-0.1927649;1.884832;15.20036;-41.05077
0.1804425;-0.4923101;-0.1824723;0.6104717;14.63438;-41.63575
0.1353994;-0.1100916;-0.05153057;0.4688778;14.4929;-41.92822
-0.01263244;-0.05111858;-0.00102585;-0.4514999;14.56364;-42.00135
0.06374276;0.1016366;0.04775288;-0.4514999;14.42215;-41.41639
-0.04859949;-0.01046436;0.01721654;-0.4514999;14.70512;-40.39272
-0.08348451;-0.02217401;-0.009578325;-1.08868;15.20035;-40.75832
-0.1221379;0.08568588;-0.001956092;-1.301077;15.41261;-40.97768
-0.006220079;-0.1082839;-0.09233659;-0.5222988;15.20036;-40.75831
0.002793922;0.1269992;-0.02371758;0.1148853;16.12006;-41.8551
-0.08104186;-0.08931097;-0.02027917;-0.1683102;15.97856;-40.83142
0.008307198;0.07311682;0.009376458;-0.6638908;15.7663;-40.31959
-0.03518116;0.1102938;-0.003085272;-0.4514999;16.12003;-40.83142
-0.05427948;-0.1798622;-0.05262326;-0.0975132;15.76628;-40.46582
-0.1326004;-0.4022526;-0.07768974;-0.7346935;15.27107;-40.24647
-0.1427739;-0.2711178;-0.203122;-1.655069;15.48331;-39.73463
-0.1502952;-0.04146063;-0.2243255;-2.009058;15.55405;-39.22279
-0.01223483;0.1068849;-0.1704266;-3.212626;16.75676;-41.05078
-0.01379677;0.2362807;-0.1632851;-2.575443;15.41257;-41.56261
0.1076173;-0.03305649;0.01281194;-2.64624;16.75676;-42.65942
0.0286652;0.01643889;0.09914257;-1.725861;16.26154;-41.27014
-0.1867076;0.1790965;0.04035755;-1.655067;17.03972;-41.4895
0.1100416;0.1023027;0.04951988;-1.796661;16.19077;-40.7583
-0.05885426;-0.045678;-0.003977964;-1.51347;17.03972;-40.0271
0.1058942;0.1573449;0.03062422;-1.017881;17.81795;-41.27014
0.05442516;0.04686897;0.03009798;-1.017883;16.96899;-41.85509
0.06795216;0.1859821;-0.004419782;-0.5930996;16.26152;-41.12389
0.04083105;0.7162651;-0.05377055;0.3980732;16.68596;-41.56262
0.09082738;1.571264;-0.004577441;3.371595;17.11044;-41.56262
0.4703273;2.078896;0.5698515;9.531019;16.47372;-40.75831
0.7195145;4.742033;-0.5882018;21.70828;14.4928;-35.49369
0.8860702;5.20016;2.173575;34.16872;11.37991;-19.8461
2.702977;4.409742;0.5516938;36.78825;-0.576355;6.550097
0.5918708;-0.1774765;-0.9211219;26.94733;-1.637573;26.65799
-1.102063;-4.018575;-1.324772;27.08893;-1.920563;27.38918
-2.615239;-8.028307;-0.02364221;34.16873;-2.062057;16.12877
-2.291142;-5.010462;2.205599;37.49625;-0.4348755;-18.16434
-1.520724;-3.914421;-1.0338;28.6465;3.597702;-31.39899
0.3974491;-3.934927;-1.749444;13.21254;11.09694;-40.90455
-0.3850366;-1.844539;-0.8836983;0.4688931;10.95543;-43.53685
-0.1674439;-0.5398968;-0.04170963;-6.186125;10.81395;-43.82932
0.04326651;-0.1526583;0.2458383;-7.885277;10.38947;-43.39061
-0.0570007;-0.1500699;0.189093;-8.380857;10.60172;-42.58629
0.09686449;0.1205544;0.1184057;-7.885271;11.52144;-42.65942
-0.2284388;-0.002655438;0.1534287;-8.168465;11.52144;-41.92822
-0.132835;0.05762734;0.0325361;-8.168465;12.37039;-41.92822
0.06319068;0.02947773;0.09277149;-7.95607;12.72414;-42.29382
0.03816869;0.09199064;0.106135;-7.672876;12.58264;-41.56262
0.04786473;0.08724249;0.02663321;-7.602083;13.92682;-41.78198
-0.09926507;-0.0758194;0.02853151;-6.8941;13.64383;-41.63574
-0.07761064;-0.07738587;0.05668245;-7.106497;13.43159;-41.85509
0.00989391;0.02551042;0.002242914;-7.248093;13.7146;-41.27014
-0.02799142;-0.0145081;0.06078212;-7.602079;14.20982;-42.07445
0.04730786;-0.01768366;0.01004411;-6.964899;14.42207;-42.29382
0.0684768;0.04552647;0.0156988;-6.964899;15.41252;-42.87878
0.02011672;0.04112214;0.04594485;-7.31889;14.7758;-42.51317
-0.03769465;0.01508308;0.004045342;-7.106493;14.98805;-41.27015
0.02339907;-0.01367134;-0.0109685;-7.106497;13.7146;-41.12391
0.02138785;-0.007618771;0.01275201;-6.964895;14.98804;-42.29383
0.007877364;-0.01591106;-0.01669003;-7.17729;14.35132;-41.63575
-0.0007715177;0.006023005;0.02844256;-7.389687;14.98804;-41.8551
0.007601727;-0.03912051;-0.0107653;-6.681711;15.1295;-41.8551
-0.02039236;-0.02175882;0.008555405;-6.681705;15.12952;-41.12391
0.009951434;-0.03791676;-0.01434991;-6.823305;15.27103;-41.41638
-0.004560131;-0.01225454;0.03204449;-6.823299;14.84654;-42.44005
0.5511596;0.2307115;-0.1350971;-6.681705;13.29012;-42.14758
-0.08835223;0.1485389;0.06987682;-6.11532;12.29968;-42.73253
-0.0656914;0.1678481;0.05536712;-5.194948;12.93642;-42.65942
0.008017979;0.074099;0.08638549;-4.557764;13.57312;-42.29382
-0.2724419;-0.02628966;0.07106992;-4.062181;13.36089;-42.80566
-0.07744366;-0.1319383;-0.06534892;-4.203777;14.63432;-41.63575
-0.03969335;-0.0009302422;0.05738127;-5.336544;14.20984;-41.63575
0.02786226;0.1376892;-0.02404302;-4.628561;15.48331;-41.63575
0.03412468;0.04011893;-0.07626069;-3.849785;15.41258;-42.00135
0.05432928;-0.01406309;-0.003078348;-4.203777;15.34183;-42.9519
0.06242183;0.07014713;-0.0268689;-3.708191;14.98808;-42.44006
0.4943354;0.4948055;-0.05140194;-5.478138;14.20985;-42.2207
2.228007;2.675299;-0.4540314;-3.991383;13.14865;-41.85509
0.2335081;-2.007307;-4.258673;2.946825;7.630371;-45.07236
1.061547;2.960513;-7.574253;2.09725;6.781403;-44.34118
-0.6699142;2.637138;-0.6805093;6.274328;6.286179;-44.26806
-4.651432;-0.2772311;8.672068;17.8144;10.46027;-38.78409
0.7295765;-2.970934;0.6240178;25.46059;7.913376;-34.83562
0.05304191;-2.388426;-0.7757237;18.94717;1.970612;-39.954
-1.5156;-1.673863;0.3500848;8.964655;1.899857;-43.82935
-0.6610762;-0.3076383;0.1673208;4.929171;5.083496;-44.34119
-0.1151921;-0.1107904;0.340311;3.442411;6.144699;-44.12183
-0.126779;0.03088148;-0.02559537;3.584009;7.135162;-44.56054
-0.005973204;0.06504504;-0.08758365;2.876028;6.710693;-44.70678
0.008008658;-0.06187349;-0.1529368;2.73443;7.418121;-44.12183
0.1334198;-0.0565706;0.01721254;3.159216;6.993652;-44.41431
0.1200606;0.05333593;0.055308;3.371614;6.922913;-44.92615
0.2177094;0.08271512;0.04930124;2.522036;7.064392;-45.07238
0.03561871;-0.0335268;0.0457358;3.088419;6.639923;-45.21863
-0.06355234;-0.02234658;-0.02997787;3.017622;6.286163;-44.12183
-0.008955678;0.02692482;0.01196558;2.805231;7.205902;-43.90247
0.01675208;-0.003916178;0.01755156;1.530863;6.781418;-44.63367
-0.02878478;-0.02408616;0.003925766;2.380438;6.781403;-44.77991
-0.00337822;-0.00246156;0.01899819;3.088423;6.498398;-45.21863
-0.02720712;-0.06310946;-0.01505352;3.584009;8.12561;-45.43799
-0.02628167;-0.01434618;0.002709766;2.805231;7.205887;-44.48744
0.04765594;0.01408546;-0.000619185;3.230017;6.498398;-44.77993
0.0006396913;0.004719121;0.04974892;2.876028;6.427673;-44.56056
0.03585414;0.0007257114;0.02204219;3.584009;7.276642;-44.41433
0.006011021;0.01093734;-0.007185475;3.371618;7.488876;-44.34121
0.01675182;-0.01494779;0.03176698;2.946825;7.488876;-44.63369
0.02342596;-0.01735662;-0.003861051;2.876032;6.993652;-44.26809
0.02380067;0.003372893;0.002059422;3.088419;6.922897;-44.92617
0.09041991;0.06348923;0.04384762;3.088423;6.922897;-44.63368
-0.02558286;0.03783287;0.0998507;3.584009;7.276657;-44.85305
-0.01394325;0.04756192;0.06771327;3.017622;7.559647;-44.85305
-0.06145484;0.05427123;0.05411597;3.300814;7.276627;-44.56057
-0.1899846;0.1236535;-0.1740352;3.584009;8.12558;-44.41434
-0.01351554;0.454131;-0.7307365;4.504385;8.19635;-44.34122
1.410446;1.72084;0.2483749;8.327475;5.649429;-44.19498
1.132456;1.009493;0.4094855;13.92052;-0.22258;-42.65946
-2.77671;0.3158253;3.993055;17.81441;-1.000778;-39.51531
0.3885739;-1.087941;-0.6105472;16.54004;2.678085;-39.0766
0.6878245;-0.8372065;-1.116728;13.70812;2.96106;-39.22283
2.136909;-1.235489;-2.213701;13.07094;4.022247;-40.02715
-1.84697;0.01613316;-0.1050945;6.699121;6.144684;-43.97562
-0.02852778;-0.1455857;0.5974435;3.15922;11.52147;-43.24442
0.2159714;-0.6410279;0.004232296;2.309645;12.93643;-43.24442
-0.2438795;-0.7695297;-0.09997293;-0.1682873;10.88474;-44.92617
-0.368116;-0.3567046;-0.08646751;-1.72584;9.469803;-45.51112
-0.1313841;0.1617239;-0.07883383;-1.230255;9.682037;-44.41433
-0.1614477;-0.1714495;0.005637113;-0.309885;10.74326;-43.46377
0.06273768;-0.1287572;-0.05295616;-0.2390842;11.37997;-43.68312
0.08436468;0.08810935;0.001279915;-0.9470654;11.80446;-44.26809
0.04735607;0.09229132;-0.02430108;-1.088663;11.23846;-44.70679
0.1250359;0.06579659;-0.04426999;-0.1682873;11.16772;-44.04872
0.1024246;0.04892493;-0.02857625;0.04411125;11.66298;-43.24441
0.01513794;0.001123055;-0.02626063;0.1857014;12.51193;-43.24441
0.05889954;0.07263026;-0.02682309;-0.02668953;11.30923;-43.61
0.1356345;0.1667743;0.02549923;0.2565022;11.45073;-44.04872
0.08952989;0.1115476;-0.09592973;0.610487;11.66298;-43.39065
0.117622;0.08647737;0.006770022;0.7520847;10.95551;-43.82936
0.1268426;0.03986432;0.04337117;1.106081;11.02626;-44.3412
0.04582155;0.01796249;-0.06219919;2.026449;10.53102;-43.82936
0.06388924;-0.05186693;-0.05177904;1.672464;10.17729;-44.63368
0.2023355;-0.008391621;-0.03580567;1.672464;10.46028;-44.77991
-0.1831091;-0.04673635;0.02488671;0.6812916;10.88477;-44.63368
-1.992716;0.6915598;-0.4443226;0.2565022;12.5827;-44.04872
5.796293;0.1108493;1.8971;3.15922;12.93643;-43.2444
1.10787;-0.620116;0.4724299;4.504377;-7.792496;-44.48742
-1.728254;0.03291561;-0.8447039;2.026449;-16.77739;-42.22071
-5.989614;-0.4320747;-1.891063;2.238844;-11.18834;-43.46374
-0.298812;0.03628371;0.07023475;2.451239;15.90782;-42.07446
1.364892;-0.3294612;-0.1469279;2.451242;20.29416;-40.61206
0.5798005;-0.1029922;-0.1035165;0.5396938;18.24249;-41.27014
0.02625078;0.02203473;-0.1188095;0.1857014;16.33234;-41.4895
0.02628833;0.1206545;-0.03587118;-0.593071;17.39354;-43.02501
0.2490415;0.07150295;0.00268926;-1.301056;16.82758;-42.87877
0.1287367;0.06661312;0.07059747;-1.301056;15.55412;-43.02501
-0.1173003;0.05618604;0.04418105;-0.3098812;15.12967;-42.5863
0.1775436;0.02251303;-0.06509724;-0.1682854;14.70522;-43.02501
0.02100888;0.02403237;0.04237755;-0.5222778;14.91743;-42.65942
0.08914479;-0.16315;-0.08529013;-0.2390842;14.49294;-42.80564
-0.01461569;-0.05455299;-0.06615878;-0.8762684;14.84666;-42.44004
-0.009216135;-0.107503;0.05934348;-0.8762684;14.70518;-43.90243
-0.01630627;-0.1405209;0.1044508;-1.584249;13.85622;-43.46371
0.05449573;-0.1198492;0.2516184;-1.442652;13.14874;-43.025
0.5651641;0.4339989;-0.00375772;-2.504618;14.49294;-41.78196
0.2793422;0.6978028;-0.1291431;-1.938236;14.63445;-42.51316
0.5240625;0.2190511;-0.207012;-1.44265;13.29024;-42.14756
0.156964;0.122728;-0.02335512;-0.02668953;12.58276;-43.17123
0.2127362;-0.3745241;-0.1046905;-1.44265;12.29977;-42.58627
-0.1394676;-0.1847139;-0.1297053;-1.44265;12.0168;-42.73251
-0.003809652;-1.394112;0.01886344;-3.2834;12.15828;-43.90244
-0.09849701;-5.838028;0.4982647;-11.42517;13.21948;-41.34325
1.158427;-1.83268;-0.3825167;-26.00956;12.51201;-31.25274
0.34695;-11.56789;-0.1277071;-37.97441;11.30931;-11.58356
1.804445;-9.746585;-0.5623198;-28.62908;10.88483;24.39129
1.523597;-1.481417;0.2821201;-4.699356;12.58276;37.26034
0.9085523;5.67532;0.8298836;1.743261;18.17181;34.84739
-0.02597488;10.29615;-1.175027;-17.65539;20.71867;28.99782
0.1861107;10.96222;0.1147844;-32.09818;21.14317;9.548003
-0.0845543;2.357441;0.6541059;-30.61143;21.6384;-22.11279
0.1693158;4.299154;-0.9234639;-23.17764;22.13365;-31.8377
0.5244941;1.877988;-0.9662409;-12.91193;20.93094;-37.32167
0.7919506;1.552948;-0.7079361;-6.54011;19.799;-40.24645
0.4293375;1.694026;-0.3359474;-0.5930748;17.53508;-41.70884
0.1646494;-0.4886693;-0.1159231;2.380438;15.27116;-41.70884
0.1272477;-0.1011301;-0.1533075;0.3980923;15.41266;-43.02499
0.2337395;-0.1035464;-0.1748336;0.1857014;14.49297;-43.97556
0.02612801;-0.2162929;-0.02879463;0.1149044;13.29024;-43.025
-0.03146898;-0.05338573;0.01461996;-1.230259;13.21951;-43.39059
-0.1282475;-0.2502865;0.1058963;-1.655048;13.36101;-44.12179
-0.0532033;-0.001869006;0.0184621;-2.363024;13.5025;-43.3906
0.009499496;-0.079461;-0.0001318265;-2.50462;12.37054;-43.09812
0.04479783;0.06050409;0.000607467;-1.655045;12.93654;-42.95189
-0.0522925;-0.01038366;0.005417935;-1.371853;14.35147;-43.39061
-0.02717463;-0.1951703;0.05482943;-1.796642;13.92699;-44.12181
-0.005258412;0.04857899;0.09958731;-3.2834;13.14877;-42.44006
0.1424482;-2.345641;0.03463441;-5.194942;12.79504;-42.9519
0.02495861;1.338106;0.2426728;-13.26592;12.51205;-40.75831
-0.01746128;1.291381;0.1211962;-12.20395;12.72427;-40.6852
0.2247354;-0.6139665;-0.09420879;-7.885267;13.5025;-42.36694
1.389169;0.9340718;0.132472;-6.964895;12.72429;-42.29382
-1.000118;-0.6096966;0.06271026;-5.973724;11.02637;-43.02501
-0.3098772;-0.1987368;-0.07417782;-5.407335;12.01682;-42.87877
-0.1853272;0.4207403;0.055765;-5.336542;13.50249;-43.24437
0.1206401;0.2918582;-0.09868583;-3.92058;12.51205;-43.09813
-0.09062391;0.3308445;-0.05328346;-3.283398;12.86577;-43.31749
1.079872;5.516819;-0.2693913;0.8228893;14.56372;-43.46374
4.20304;13.75959;1.458365;20.64633;9.186966;-36.88297
2.509645;11.00417;0.5276276;34.23953;0.2728119;-7.050156
2.689805;3.116057;1.280323;2.876013;6.427826;36.45602
-1.369983;-3.489596;-0.4374476;-7.035706;19.7283;35.57858
-1.932221;-10.40209;0.3214537;5.353945;17.39365;33.89683
-2.914945;-11.28063;2.352878;35.65549;3.810165;-1.34683
-2.112059;-6.933716;0.5433134;25.46058;1.970749;-32.20331
-0.520951;-1.109986;0.9046676;-1.938253;10.53117;-43.97558
-0.0415043;0.03718092;0.3677993;-6.894112;12.37059;-41.78199
0.4274078;0.570101;0.3262101;-7.602095;12.9366;-42.65943
-0.01064572;0.4556006;0.3461153;-6.610924;12.37061;-42.51318
0.05475353;0.03329165;0.07629557;-4.840971;11.73386;-42.87878
0.002298574;-0.023296;0.02366112;-4.699377;12.72433;-43.17126
-0.01639096;0.00413802;-0.08982363;-5.54895;13.85629;-43.46374
-0.0744974;-0.005308745;0.02821646;-5.478153;13.21956;-43.09814
0.0160333;0.08544087;-0.05706568;-5.265762;12.58284;-43.17126
-0.0274753;0.02366698;-0.04702796;-5.26576;13.00732;-43.17126
0.0265597;-0.001669003;0.04230272;-5.690542;13.14882;-43.02502
0.07224357;0.125996;0.03342853;-5.336554;12.79509;-42.9519
0.01584687;0.04259433;-0.01797261;-5.407351;12.44135;-42.87878
0.02422491;0.02654;0.00916447;-5.265762;12.58284;-42.5863
-0.009105881;-0.05237745;-0.002256496;-5.832144;12.44135;-43.17125
0.0005259743;-0.04640239;0.00235743;-6.256927;13.00731;-43.90245
-0.159424;0.02253247;0.03524774;-5.54895;12.72432;-43.31749
0.002984871;0.01940699;0.02839542;-5.407354;14.1393;-42.44006
-0.06957722;0.005615808;0.02933818;-5.407354;14.1393;-42.87878
-0.1881145;0.5406821;-0.03185407;-6.044533;14.63452;-43.24438
0.4669893;1.424579;0.1919101;-4.203787;14.63451;-43.09814
2.656108;7.281367;0.2066618;4.645967;11.73387;-42.87877
4.900486;17.53786;3.088106;29.77925;0.4850922;-23.20959
3.9072;3.271896;2.647038;18.45156;-3.052277;29.14406
2.064001;0.9189965;1.996695;-2.079857;8.125778;38.06465
-2.867125;-6.840418;-0.658796;-0.2391129;15.05899;36.16354
-3.728251;-13.23359;-0.8745118;21.99146;6.852325;27.8279
-3.356137;-11.34741;0.7948124;35.79708;2.961227;-2.955454
-0.4937066;-2.456721;0.8804829;16.9648;5.508148;-39.36903
-0.9694396;-1.809185;0.5621323;-0.5931015;9.75296;-43.60997
-0.2829358;-0.3453963;-0.121931;-5.336569;10.67267;-42.51317
0.02927187;0.3422274;0.1453705;-5.265772;13.29031;-42.5863
0.1578482;0.1920134;0.06786187;-4.557789;13.29033;-42.29382
0.08114279;-0.02283261;-0.03304557;-4.699383;13.14885;-43.02502
-0.07460526;0.2557207;0.09577207;-5.124172;13.00735;-42.29383
0.06853139;-0.002865295;-0.1241012;-4.699383;12.86588;-42.58631
0.009091499;0.009806825;-0.04750547;-4.48699;12.93661;-43.09815
0.004326838;0.09779447;-0.05928143;-4.770184;13.92706;-43.2444
0.1152683;0.06353743;-0.06546795;-5.124176;13.85634;-43.02503
0.04994679;0.01040337;-0.003018693;-5.12418;13.29036;-43.31751
0.07605269;0.02479936;-0.02112712;-4.840982;14.28079;-42.5863
0.04446254;-0.02487393;-0.0219061;-4.486992;15.05905;-43.53685
0.09525275;-0.0413517;-0.02019928;-4.982582;13.99783;-42.87878
0.05334258;0.01408519;-0.02201795;-4.770185;12.65363;-43.39062
-0.00897432;-0.02422385;-0.02713388;-4.203798;12.51212;-43.24438
0.1072492;0.03413747;-0.002577407;-4.557789;13.85632;-42.73254
0.03171186;0.07170082;-0.01699123;-5.194973;12.79512;-43.09813
0.06813432;0.04439916;-0.01272938;-5.478163;12.51212;-43.53685
0.1100495;0.004895423;-0.03104953;-4.557793;11.45091;-43.02501
-0.009596967;-0.01456563;0.009600696;-4.274599;11.59242;-43.02501
0.09394167;0.02946388;-0.0189902;-4.840986;11.16792;-43.46372
0.03660754;-0.01019538;-0.001662345;-4.274601;12.01688;-43.60997
-0.02962767;0.002795254;-0.0007989483;-4.770184;11.38016;-42.36693
0.008635034;0.009611615;0.01647378;-4.486992;12.5121;-43.68309
0.03169242;0.02635491;0.03986939;-4.416195;12.01688;-43.60997
-0.02628647;-0.02292449;0.01337093;-3.991407;11.3094;-42.73253
0.05208371;-0.009168731;0.001690042;-5.194973;12.0876;-43.68308
-0.0637116;-0.06152408;0.006745787;-5.478167;11.94611;-43.97557
-0.06735481;-0.04797472;-0.01808393;-4.982578;12.15834;-43.02501
0.03161572;0.02024828;0.04105449;-4.628592;12.93658;-43.82932
-0.002850381;0.01577257;0.04150243;-3.92061;12.5121;-43.39061
0.09010459;0.02713415;-0.04026513;-4.840986;12.58284;-42.87878
0.03458354;0.02895575;-0.02177214;-4.840982;12.44135;-43.46374
-0.03560486;0.06661631;-0.08719775;-4.911779;12.22911;-44.12182
-0.1999195;0.006136456;-1.199865;-2.646246;10.10669;-44.12182
2.400402;2.970361;2.510236;5.42473;4.305405;-44.70677
-1.952653;3.273223;3.755168;17.31879;2.748978;-40.61208
-0.8840891;-2.923658;-3.284617;14.77007;4.729904;-41.92824
-0.7393228;-2.375112;-2.023559;3.583979;11.38016;-43.53688
0.6354097;-0.0008993495;-0.5591536;-3.991411;14.84676;-41.85513
0.03593856;0.5707495;0.4320039;-6.681732;14.28079;-41.56265
0.2812951;0.09336776;0.3043695;-5.619762;14.49304;-41.92825
-0.1020369;0.08848992;0.1956265;-4.770185;14.77605;-42.36697
-0.09227081;-0.07954623;0.02251676;-4.345396;14.63454;-42.36697
0.05203976;-0.01618376;-0.09663972;-5.053377;14.06856;-42.07449
0.08038938;0.00859988;0.06766666;-5.265772;14.98828;-43.02505
0.05964842;0.05680736;-0.04460449;-4.557789;14.28079;-43.17129
0.1456896;0.09238319;-0.03624349;-4.345396;14.49307;-43.09816
0.09965203;0.05764785;-0.07474268;-3.425022;14.28081;-42.58633
0.3501447;0.5000492;-0.01043;-3.000237;13.99783;-42.73256
0.2081439;6.518745;0.01216532;4.079569;12.01692;-43.46376
0.2391641;6.498717;0.05322407;19.72593;10.38972;-38.85723
-0.5122201;5.168751;-6.65081;34.59349;12.65361;-19.26116
1.633737;10.32412;0.7533877;32.25717;19.23312;8.889892
-0.8737437;-3.811428;-0.5102811;18.38075;17.25221;30.09458
0.01174987;-0.07210029;-0.02030021;18.38075;18.66714;30.09458
0.001058607;-0.01591212;0.009461945;16.7524;19.02089;30.31394
0.2219806;-0.1634955;-0.08820389;17.17719;19.86984;29.87522
0.164537;-7.356887;0.359633;20.3631;19.79909;27.75475
-2.014445;-7.167883;-3.784494;29.07126;20.15285;15.39754
2.282843;-8.860779;-2.613243;25.74375;29.70372;-10.55992
2.312304;-1.520322;1.140235;3.79637;27.58128;-34.25069
3.05554;0.583011;1.060878;-1.655075;16.75696;-41.48954
2.132538;1.444336;1.604905;-0.6639023;7.701309;-43.68313
0.07719998;0.6440415;1.039224;4.575148;-0.2223663;-45.29176
-0.1612728;1.112253;0.9511528;7.548662;-1.495819;-46.02296
-0.0002045308;-0.1641879;0.194276;7.477869;-1.566574;-46.38856
-0.2075188;-0.1957961;0.1578759;7.902658;-1.425079;-45.94985
0.09057118;-0.3776546;-0.2014309;7.902658;-1.566574;-44.48746
0.1956361;-0.1413779;-0.03454759;6.132708;-2.061813;-45.14553
0.1859472;0.199136;0.0260324;5.920305;-1.566574;-45.21866
0.09549616;0.6298677;-0.3482957;7.619463;-1.708038;-44.77994
2.375019;6.797252;-1.231505;14.20368;-4.042725;-43.97562
0.4900491;4.304366;-2.240282;32.32796;-6.589615;-25.257
-1.402082;2.819948;-2.484734;39.05378;-1.14209;-2.516794
-2.569382;1.356319;-4.313079;37.35463;5.508163;8.304913
-1.426073;2.820535;-5.304001;26.02695;17.53519;22.19763
-2.206307;-3.693533;-5.033871;14.62847;24.11469;27.24289
-3.326084;-7.668091;-1.645683;16.25682;26.44933;23.51378
-0.4903817;-7.455625;1.62274;25.81456;25.9541;14.2276
2.468647;-3.544797;3.422092;35.58468;18.03041;-8.585726
3.782897;-2.332049;1.004915;37.28383;4.163956;-22.62469
4.28204;-2.266981;0.1679528;33.53153;-18.26291;-25.33012
2.667021;-2.920983;-0.05395831;29.49604;-27.67229;-21.1623
1.715325;-2.543425;-0.4573636;26.23934;-30.78516;-22.47845
0.5362009;-2.136942;-0.6599622;24.61099;-31.28038;-23.42901
-0.7684423;-2.064797;-0.8242353;21.84987;-29.3702;-27.88931
-2.378592;-2.628021;-0.4277889;17.1064;-23.49819;-35.71311
-2.238066;-2.069687;-1.102469;10.30979;-13.0276;-42.87883
-0.7089639;-1.207704;-1.08911;2.66361;-3.122986;-44.92619
-0.4287657;0.04069603;-1.233609;-3.425022;1.687836;-44.19499
-0.7392019;-0.01871137;-0.190596;-4.133001;5.083679;-44.63371
-0.3841847;-0.06927042;-0.2035142;-4.699383;8.621048;-44.04875
-0.02920875;-0.3505793;0.1816028;-4.345396;10.10675;-44.12187
-0.129509;-0.1139484;0.2338737;-5.40737;10.46049;-44.48747
-0.5018248;-0.1398879;0.181851;-5.194975;10.24825;-43.68315
-0.4954625;-0.2068443;0.09883284;-4.699387;11.30945;-43.31755
-0.4082128;-0.02951129;0.4436469;-3.425018;13.29036;-42.14764
-0.2837625;0.2257881;0.3105517;-3.283428;14.9883;-42.87883
-0.2748966;0.1869576;0.202625;-2.22146;15.05904;-43.97563
0.2240035;0.278903;0.1380913;-1.584276;15.97874;-43.17131
0.0748018;0.2003568;0.05709631;-1.513474;15.625;-41.92828
-0.09729753;-0.01844931;0.0225884;-0.2391129;15.48351;-41.34332
0.03974502;-0.2337712;0.04329261;-1.017891;16.4032;-42.73259
0.1641261;-0.2278465;0.01916517;-2.009062;16.68622;-41.56268
0.08345149;0.002571282;0.03208496;-2.646244;16.33249;-40.46589
0.1863385;0.1732836;0.09355259;-3.849808;16.12022;-41.70892
0.02285365;0.2000071;-0.02397138;-2.150658;15.97874;-41.56268
